============================================================
 Seed search: 30 seeds ū 400 epochs
============================================================
 Seed |    Acc | Total | Hard | Margin | Preds
------------------------------------------------------------
    1 |  90.0% |     9/10 |    2/3 | 0.014  | [0, 2, 1, 1, 0, 2, 0, 0, 2, 1]
    2 |  90.0% |     9/10 |    2/3 | 0.219  | [0, 2, 1, 1, 0, 2, 0, 0, 2, 1]
    3 |  93.3% |    10/10 |    3/3 | 0.548  | [0, 2, 1, 1, 0, 1, 0, 0, 2, 1]
    7 |  93.3% |    10/10 |    3/3 | 0.280  | [0, 2, 1, 1, 0, 1, 0, 0, 2, 1]
    9 |  90.0% |     9/10 |    2/3 | 0.055  | [0, 2, 1, 1, 0, 2, 0, 0, 2, 1]
   13 |  93.3% |    10/10 |    3/3 | 0.360  | [0, 2, 1, 1, 0, 1, 0, 0, 2, 1]
   17 |  93.3% |    10/10 |    3/3 | 0.409  | [0, 2, 1, 1, 0, 1, 0, 0, 2, 1]
   21 |  96.7% |    10/10 |    3/3 | 0.445  | [0, 2, 1, 1, 0, 1, 0, 0, 2, 1]
   23 |  96.7% |    10/10 |    3/3 | 0.350  | [0, 2, 1, 1, 0, 1, 0, 0, 2, 1]
   31 |  96.7% |    10/10 |    3/3 | 0.094  | [0, 2, 1, 1, 0, 1, 0, 0, 2, 1]
   37 |  90.0% |     9/10 |    2/3 | 0.006  | [0, 2, 1, 1, 0, 2, 0, 0, 2, 1]
   42 |  96.7% |    10/10 |    3/3 | 0.347  | [0, 2, 1, 1, 0, 1, 0, 0, 2, 1]
   47 |  96.7% |    10/10 |    3/3 | 0.452  | [0, 2, 1, 1, 0, 1, 0, 0, 2, 1]
   53 |  96.7% |    10/10 |    3/3 | 0.664  | [0, 2, 1, 1, 0, 1, 0, 0, 2, 1]
   55 |  93.3% |    10/10 |    3/3 | 0.222  | [0, 2, 1, 1, 0, 1, 0, 0, 2, 1]
   61 |  96.7% |    10/10 |    3/3 | 0.336  | [0, 2, 1, 1, 0, 1, 0, 0, 2, 1]
   71 |  96.7% |    10/10 |    3/3 | 0.448  | [0, 2, 1, 1, 0, 1, 0, 0, 2, 1]
   77 |  93.3% |    10/10 |    3/3 | 0.467  | [0, 2, 1, 1, 0, 1, 0, 0, 2, 1]
   83 |  90.0% |     9/10 |    2/3 | 0.077  | [0, 2, 1, 1, 0, 2, 0, 0, 2, 1]
   97 |  93.3% |    10/10 |    3/3 | 0.282  | [0, 2, 1, 1, 0, 1, 0, 0, 2, 1]
   99 |  93.3% |     9/10 |    2/3 | 0.334  | [0, 2, 1, 1, 0, 2, 0, 0, 2, 1]
  100 |  96.7% |    10/10 |    3/3 | 0.423  | [0, 2, 1, 1, 0, 1, 0, 0, 2, 1]
  123 |  96.7% |    10/10 |    3/3 | 0.229  | [0, 2, 1, 1, 0, 1, 0, 0, 2, 1]
  137 |  93.3% |    10/10 |    3/3 | 0.225  | [0, 2, 1, 1, 0, 1, 0, 0, 2, 1]
  200 |  93.3% |    10/10 |    3/3 | 0.470  | [0, 2, 1, 1, 0, 1, 0, 0, 2, 1]
  256 |  96.7% |    10/10 |    3/3 | 0.425  | [0, 2, 1, 1, 0, 1, 0, 0, 2, 1]
  314 |  93.3% |    10/10 |    3/3 | 0.121  | [0, 2, 1, 1, 0, 1, 0, 0, 2, 1]
  404 |  96.7% |    10/10 |    3/3 | 0.718  | [0, 2, 1, 1, 0, 1, 0, 0, 2, 1]
  500 |  96.7% |    10/10 |    3/3 | 0.286  | [0, 2, 1, 1, 0, 1, 0, 0, 2, 1]
  512 |  96.7% |    10/10 |    3/3 | 0.179  | [0, 2, 1, 1, 0, 1, 0, 0, 2, 1]
============================================================
 WINNER: seed=404
   Accuracy    : 96.7%
   Total passes: 10/10
   Hard passes : 3/3  (samples 5,6,7)
   Min margin  : 0.7182
   Predictions : [0, 2, 1, 1, 0, 1, 0, 0, 2, 1]
   True labels : [0, 2, 1, 1, 0, 1, 0, 0, 2, 1]
============================================================
